<?xml version="1.0"?>
<opencv_storage>
    <calibrationDate>"Thu 28 Oct 2021 02:17:01 AM CEST"</calibrationDate>
    <framesCount>29</framesCount>
    <cameraResolution>
        1600 896
    </cameraResolution>
    <cameraMatrix type_id="opencv-matrix">
        <rows>3</rows>
        <cols>3</cols>
        <dt>d</dt>
        <data>
            1.2347365310731941e+03 0. 8.3556852691287611e+02 0.
            1.2347365310731941e+03 4.1844849194940639e+02 0. 0. 1.
        </data>
    </cameraMatrix>
    <cameraMatrix_std_dev type_id="opencv-matrix">
        <rows>4</rows>
        <cols>1</cols>
        <dt>d</dt>
        <data>
            0. 1.1726988900405130e+01 3.6720175385293974e+00
            4.0217583384447764e+00
        </data>
    </cameraMatrix_std_dev>
    <dist_coeffs type_id="opencv-matrix">
        <rows>1</rows>
        <cols>5</cols>
        <dt>d</dt>
        <data>
            8.8285851372659679e-02 -2.9737798471128918e-01
            -4.9129138702928470e-03 8.9242898698621460e-03
            2.4843147188221917e-01
        </data>
    </dist_coeffs>
    <dist_coeffs_std_dev type_id="opencv-matrix">
        <rows>5</rows>
        <cols>1</cols>
        <dt>d</dt>
        <data>
            7.0324931304658169e-03 2.6441939843606363e-02 7.9756377170052428e-04
            8.5556686490365162e-04 3.5461372936039945e-02
        </data>
    </dist_coeffs_std_dev>
    <avg_reprojection_error>4.3068075591523425e-01</avg_reprojection_error>
</opencv_storage>
