<?xml version="1.0"?>
<opencv_storage>
    <calibrationDate>"Fri 19 Nov 2021 11:42:02 PM CET"</calibrationDate>
    <framesCount>29</framesCount>
    <cameraResolution>
        1920 1080</cameraResolution>
    <cameraMatrix type_id="opencv-matrix">
        <rows>3</rows>
        <cols>3</cols>
        <dt>d</dt>
        <data>
            1.4608364472455112e+03 0. 9.4384617438966040e+02 0.
            1.4608364472455112e+03 5.2001964597145491e+02 0. 0. 1.</data></cameraMatrix>
    <cameraMatrix_std_dev type_id="opencv-matrix">
        <rows>4</rows>
        <cols>1</cols>
        <dt>d</dt>
        <data>
            0. 5.9486815858518023e+00 4.3809189400747144e+00
            5.3413869610878510e+00</data></cameraMatrix_std_dev>
    <dist_coeffs type_id="opencv-matrix">
        <rows>1</rows>
        <cols>5</cols>
        <dt>d</dt>
        <data>
            7.0584955977956387e-02 -1.6821327532789349e-01
            -9.6158017843424835e-03 -5.6691552998931896e-03 0.</data></dist_coeffs>
    <dist_coeffs_std_dev type_id="opencv-matrix">
        <rows>5</rows>
        <cols>1</cols>
        <dt>d</dt>
        <data>
            6.0038104234053941e-03 1.1616705186025918e-02 1.1748888637132335e-03
            8.3726953787472802e-04 0.</data></dist_coeffs_std_dev>
    <avg_reprojection_error>4.0516151180607390e-01</avg_reprojection_error>
</opencv_storage>
