<?xml version="1.0"?>
<opencv_storage>
    <calibrationDate>"Thu 28 Oct 2021 02:53:33 AM CEST"</calibrationDate>
    <framesCount>29</framesCount>
    <cameraResolution>
        640 480
    </cameraResolution>
    <cameraMatrix type_id="opencv-matrix">
        <rows>3</rows>
        <cols>3</cols>
        <dt>d</dt>
        <data>
            6.5040127338081345e+02 0. 3.3159115743372195e+02 0.
            6.5040127338081345e+02 2.2407182103405083e+02 0. 0. 1.
        </data>
    </cameraMatrix>
    <cameraMatrix_std_dev type_id="opencv-matrix">
        <rows>4</rows>
        <cols>1</cols>
        <dt>d</dt>
        <data>
            0. 5.5185557606029896e+00 2.0016889043639625e+00
            2.4746578876557193e+00
        </data>
    </cameraMatrix_std_dev>
    <dist_coeffs type_id="opencv-matrix">
        <rows>1</rows>
        <cols>5</cols>
        <dt>d</dt>
        <data>
            8.0944680057662546e-02 -2.7524693019705199e-01
            -6.8836007088529192e-03 6.9827530087257879e-03
            2.7123575634151120e-01
        </data>
    </dist_coeffs>
    <dist_coeffs_std_dev type_id="opencv-matrix">
        <rows>5</rows>
        <cols>1</cols>
        <dt>d</dt>
        <data>
            7.7282074473040193e-03 4.7308150718258418e-02 8.1266575136174361e-04
            9.4199243361984500e-04 9.7055078723870453e-02
        </data>
    </dist_coeffs_std_dev>
    <avg_reprojection_error>2.4754006400948550e-01</avg_reprojection_error>
</opencv_storage>
