<?xml version="1.0"?>
<opencv_storage>
    <calibrationDate>"Thu 28 Oct 2021 02:30:24 AM CEST"</calibrationDate>
    <framesCount>29</framesCount>
    <cameraResolution>
        960 720
    </cameraResolution>
    <cameraMatrix type_id="opencv-matrix">
        <rows>3</rows>
        <cols>3</cols>
        <dt>d</dt>
        <data>
            9.1321222054238171e+02 0. 4.6905827900726263e+02 0.
            9.1321222054238171e+02 3.6650827640934250e+02 0. 0. 1.
        </data>
    </cameraMatrix>
    <cameraMatrix_std_dev type_id="opencv-matrix">
        <rows>4</rows>
        <cols>1</cols>
        <dt>d</dt>
        <data>
            0. 6.7773170254770108e+00 9.3068844356243186e-01
            2.8431444646686290e+00
        </data>
    </cameraMatrix_std_dev>
    <dist_coeffs type_id="opencv-matrix">
        <rows>1</rows>
        <cols>5</cols>
        <dt>d</dt>
        <data>
            0. 0. 0. 0. -1.3341182080081593e-01
        </data>
    </dist_coeffs>
    <dist_coeffs_std_dev type_id="opencv-matrix">
        <rows>5</rows>
        <cols>1</cols>
        <dt>d</dt>
        <data>
            0. 0. 0. 0. 1.1408354075224735e-02
        </data>
    </dist_coeffs_std_dev>
    <avg_reprojection_error>2.4212993896859178e-01</avg_reprojection_error>
</opencv_storage>
