<?xml version="1.0"?>
<opencv_storage>
    <calibrationDate>"Sun 07 Feb 2021 03:21:06 CET"</calibrationDate>
    <framesCount>29</framesCount>
    <cameraResolution>
        1920 1080
    </cameraResolution>
    <cameraMatrix type_id="opencv-matrix">
        <rows>3</rows>
        <cols>3</cols>
        <dt>d</dt>
        <data>
            1.6094531497660225e+03 0. 9.3641067862043519e+02 0.
            1.6094531497660225e+03 5.0401664913794281e+02 0. 0. 1.
        </data>
    </cameraMatrix>
    <cameraMatrix_std_dev type_id="opencv-matrix">
        <rows>4</rows>
        <cols>1</cols>
        <dt>d</dt>
        <data>
            0. 4.8735386445515019e+01 3.0593226761138541e+00
            6.4952985601707312e+00
        </data>
    </cameraMatrix_std_dev>
    <dist_coeffs type_id="opencv-matrix">
        <rows>1</rows>
        <cols>5</cols>
        <dt>d</dt>
        <data>
            8.4154801769707729e-02 -3.5060030297467665e-01 0. 0.
            3.5923201921208830e-01
        </data>
    </dist_coeffs>
    <dist_coeffs_std_dev type_id="opencv-matrix">
        <rows>5</rows>
        <cols>1</cols>
        <dt>d</dt>
        <data>
            7.6530329628469243e-03 4.8323945840844207e-02 0. 0.
            7.6822084317039782e-02
        </data>
    </dist_coeffs_std_dev>
    <avg_reprojection_error>1.7217648752798526e-01</avg_reprojection_error>
</opencv_storage>
