<?xml version="1.0"?>
<opencv_storage>
    <calibrationDate>"Thu 28 Oct 2021 02:34:34 AM CEST"</calibrationDate>
    <framesCount>29</framesCount>
    <cameraResolution>
        1024 576
    </cameraResolution>
    <cameraMatrix type_id="opencv-matrix">
        <rows>3</rows>
        <cols>3</cols>
        <dt>d</dt>
        <data>
            7.3700448248580960e+02 0. 5.0708479980778793e+02 0.
            7.3700448248580960e+02 2.9073394323964226e+02 0. 0. 1.
        </data>
    </cameraMatrix>
    <cameraMatrix_std_dev type_id="opencv-matrix">
        <rows>4</rows>
        <cols>1</cols>
        <dt>d</dt>
        <data>
            0. 5.2499487176478032e+00 8.1597696747995851e-01
            1.6826851085333903e+00
        </data>
    </cameraMatrix_std_dev>
    <dist_coeffs type_id="opencv-matrix">
        <rows>1</rows>
        <cols>5</cols>
        <dt>d</dt>
        <data>
            4.4887871094481009e-02 -1.9041647664170694e-01 0. 0.
            1.3711597136816120e-01
        </data>
    </dist_coeffs>
    <dist_coeffs_std_dev type_id="opencv-matrix">
        <rows>5</rows>
        <cols>1</cols>
        <dt>d</dt>
        <data>
            4.4534195805410823e-03 1.6249769317826426e-02 0. 0.
            2.0825995352338578e-02
        </data>
    </dist_coeffs_std_dev>
    <avg_reprojection_error>2.0110694464360057e-01</avg_reprojection_error>
</opencv_storage>
