<?xml version="1.0"?>
<opencv_storage>
<calibrationDate>"Fri 04 Feb 2022 07:43:54 PM CET"</calibrationDate>
<framesCount>29</framesCount>
<cameraResolution>
  1920 1080</cameraResolution>
<cameraMatrix type_id="opencv-matrix">
  <rows>3</rows>
  <cols>3</cols>
  <dt>d</dt>
  <data>
    1.6070114841008697e+03 0. 9.5071633087018324e+02 0.
    1.6070114841008697e+03 5.4723388863648358e+02 0. 0. 1.</data></cameraMatrix>
<cameraMatrix_std_dev type_id="opencv-matrix">
  <rows>4</rows>
  <cols>1</cols>
  <dt>d</dt>
  <data>
    0. 9.9123501713417586e+00 2.6596792492202259e+00
    2.4726065452949628e+00</data></cameraMatrix_std_dev>
<dist_coeffs type_id="opencv-matrix">
  <rows>1</rows>
  <cols>5</cols>
  <dt>d</dt>
  <data>
    0. -1.0040572931573977e-01 0. 0. 2.1084929753009393e-01</data></dist_coeffs>
<dist_coeffs_std_dev type_id="opencv-matrix">
  <rows>5</rows>
  <cols>1</cols>
  <dt>d</dt>
  <data>
    0. 3.1061649424309726e-02 0. 0. 8.8887650637697130e-02</data></dist_coeffs_std_dev>
<avg_reprojection_error>3.2076893259751482e-01</avg_reprojection_error>
</opencv_storage>
