<?xml version="1.0"?>
<opencv_storage>
    <calibrationDate>"Thu 28 Oct 2021 12:43:14 AM CEST"</calibrationDate>
    <framesCount>29</framesCount>
    <cameraResolution>
        1280 720
    </cameraResolution>
    <cameraMatrix type_id="opencv-matrix">
        <rows>3</rows>
        <cols>3</cols>
        <dt>d</dt>
        <data>
            8.2922283763210578e+02 0. 6.4137167567845313e+02 0.
            8.2922283763210578e+02 4.3844915883628471e+02 0. 0. 1.
        </data>
    </cameraMatrix>
    <cameraMatrix_std_dev type_id="opencv-matrix">
        <rows>4</rows>
        <cols>1</cols>
        <dt>d</dt>
        <data>
            0. 7.6463158916304153e+00 3.5286437233061303e+00
            3.2564319260001287e+00
        </data>
    </cameraMatrix_std_dev>
    <dist_coeffs type_id="opencv-matrix">
        <rows>1</rows>
        <cols>5</cols>
        <dt>d</dt>
        <data>
            0. -1.7759737471069370e-01 1.3691815876604226e-02
            -2.4513163085270801e-04 1.1586122199200403e-01
        </data>
    </dist_coeffs>
    <dist_coeffs_std_dev type_id="opencv-matrix">
        <rows>5</rows>
        <cols>1</cols>
        <dt>d</dt>
        <data>
            0. 8.2365625803005830e-03 7.3835854626554034e-04
            6.3205433814905840e-04 1.0455392166552138e-02
        </data>
    </dist_coeffs_std_dev>
    <avg_reprojection_error>7.0835792597109826e-01</avg_reprojection_error>
</opencv_storage>
