<?xml version="1.0"?>
<opencv_storage>
    <calibrationDate>"Thu 28 Oct 2021 02:45:17 AM CEST"</calibrationDate>
    <framesCount>29</framesCount>
    <cameraResolution>
        800 448
    </cameraResolution>
    <cameraMatrix type_id="opencv-matrix">
        <rows>3</rows>
        <cols>3</cols>
        <dt>d</dt>
        <data>
            5.9417101158977277e+02 0. 3.9639583767701805e+02 0.
            5.9417101158977277e+02 2.1936462961727932e+02 0. 0. 1.
        </data>
    </cameraMatrix>
    <cameraMatrix_std_dev type_id="opencv-matrix">
        <rows>4</rows>
        <cols>1</cols>
        <dt>d</dt>
        <data>
            0. 5.2097567941688716e+00 5.5714188174432522e-01
            1.6265201333612223e+00
        </data>
    </cameraMatrix_std_dev>
    <dist_coeffs type_id="opencv-matrix">
        <rows>1</rows>
        <cols>5</cols>
        <dt>d</dt>
        <data>
            4.9517133107819002e-02 -2.0839612038208757e-01 0. 0.
            1.6396419674590312e-01
        </data>
    </dist_coeffs>
    <dist_coeffs_std_dev type_id="opencv-matrix">
        <rows>5</rows>
        <cols>1</cols>
        <dt>d</dt>
        <data>
            4.6729646025966227e-03 1.8962985891497804e-02 0. 0.
            2.5062806235868762e-02
        </data>
    </dist_coeffs_std_dev>
    <avg_reprojection_error>2.1120841716649472e-01</avg_reprojection_error>
</opencv_storage>
